Iteration	CPUTime	PhysTime	Travels	Value	AvValue	MinValue	MaxValue	Delta	Criteria	PrevAvRefValue	Progress	CriteriaType	CriteriaVarType	CriteriaPercentage
1	2	0	0.0210654731	2.26982865	2.26982865	2.26982865	2.26982865	0	0	0	0	0	0	3
2	2	0	0.0421309461	2.21305717	2.24144291	2.21305717	2.26982865	0.0283857406	0	0	0	0	0	3
3	3	0	0.0631964192	3.32807233	2.60365272	2.21305717	3.32807233	0.362209805	0	0	0	0	0	3
4	3	0	0.0842618922	3.89770337	2.92716538	2.21305717	3.89770337	0.685722468	0	0	0	0	0	3
5	3	0	0.105327365	5.11709611	3.36515152	2.21305717	5.11709611	1.12370861	0	0	0	0	0	3
6	4	0	0.126392838	6.38186942	3.86793784	2.21305717	6.38186942	1.62649493	0	0	0	0	0	3
7	4	0	0.147458311	8.03435318	4.46314003	2.21305717	8.03435318	2.22169712	0	0	0	0	0	3
8	5	0	0.168523784	9.77893516	5.12761442	2.21305717	9.77893516	2.88617151	0	0	0	0	0	3
9	5	0	0.189589258	11.936682	5.88417749	2.21305717	11.936682	3.64273457	0	0	0	0	0	3
10	5	0	0.210654731	14.2495552	6.72071525	2.21305717	14.2495552	4.47927234	0	0	0	0	0	3
11	6	0	0.231720204	17.8937344	7.73644426	2.21305717	17.8937344	5.49500135	0	0	0	0	0	3
12	6	0	0.252785677	21.9982596	8.92492888	2.21305717	21.9982596	6.68348596	0	0	0	0	0	3
13	6	0	0.27385115	26.5357555	10.2796078	2.21305717	26.5357555	8.03816494	0	0	0	0	0	3
14	7	0	0.294916623	31.1926251	11.7733948	2.21305717	31.1926251	9.53195188	0	0	0	0	0	3
15	7	0	0.315982096	35.7290872	13.370441	2.21305717	35.7290872	11.128998	0	0	0	0	0	3
16	8	0	0.337047569	38.7876659	14.9590175	2.21305717	38.7876659	12.7175746	0	0	0	0	0	3
17	8	0	0.358113042	42.0115342	16.550342	2.21305717	42.0115342	14.3088991	0	0	0	0	0	3
18	8	0	0.379178515	44.6645981	18.1122451	2.21305717	44.6645981	15.8708022	0	0	0	0	0	3
19	9	0	0.400243988	46.2182705	19.5915096	2.21305717	46.2182705	17.3500667	0	0	0	0	0	3
20	9	0	0.421309461	49.6954005	21.0967042	2.21305717	49.6954005	18.8552613	0	0	0	0	0	3
21	9	0	0.442374934	53.6340398	22.6461011	2.21305717	53.6340398	20.4046582	0	0	0	0	0	3
22	10	0	0.463440407	55.0163936	24.117478	2.21305717	55.0163936	21.8760351	0	0	0	0	0	3
23	10	0	0.48450588	57.1795468	25.5549593	2.21305717	57.1795468	23.3135164	0	0	0	0	0	3
24	11	0	0.505571353	59.4240448	26.9661712	2.21305717	59.4240448	24.7247283	0	0	0	0	0	3
25	11	0	0.526636827	60.4589386	29.3907174	2.21305717	60.4589386	27.1492745	0	0	0	0	0	3
26	11	0	0.5477023	62.215224	31.8908077	3.32807233	62.215224	29.287155	0	0	0	0	0	3
27	12	0	0.568767773	61.9418909	34.3330502	3.89770337	62.215224	31.4058848	0	0	0	0	0	3
28	12	0	0.589833246	61.0719405	36.71531	5.11709611	62.215224	33.3501585	0	0	0	0	0	3
29	12	0	0.610898719	61.3393472	39.0579038	6.38186942	62.215224	35.189966	0	0	0	0	0	3
30	13	0	0.631964192	60.0048694	41.2921955	8.03435318	62.215224	36.8290555	0	0	0	0	0	3
31	13	0	0.653029665	61.7376611	43.5298333	9.77893516	62.215224	38.4022189	0	0	0	0	0	3
32	14	0	0.674095138	61.9328584	45.7029135	11.936682	62.215224	39.818736	0	0	0	0	0	3
33	14	0	0.695160611	62.2914359	47.8010282	14.2495552	62.2914359	41.080313	0	0	0	0	0	3
34	14	0	0.716226084	62.2023208	49.7990601	17.8937344	62.2914359	42.0626159	0	0	0	0	0	3
35	15	0	0.737291557	61.5802646	51.6193322	21.9982596	62.2914359	40.2931763	0	0	0	0	0	3
36	15	0	0.75835703	63.2315828	53.3373873	26.5357555	63.2315828	36.6958273	0	0	0	0	0	3
37	16	0	0.779422503	62.5469351	54.8378532	31.1926251	63.2315828	32.0389577	0	0	0	0	0	3
38	16	0	0.800487976	62.6959451	56.1504915	35.7290872	63.2315828	27.5024956	0	0	0	0	0	3
39	16	0	0.821553449	66.0510045	57.4139047	38.7876659	66.0510045	27.2633386	0	0	0	0	0	3
40	17	0	0.842618922	66.5158211	58.5692445	42.0115342	66.5158211	24.5042869	0	0	0	0	0	3
41	17	0	0.863684396	65.2886249	59.5391233	44.6645981	66.5158211	21.851223	0	0	0	0	0	3
42	18	0	0.884749869	62.5763918	60.285448	46.2182705	66.5158211	20.2975505	0	0	0	0	0	3
43	18	0	0.905815342	61.3405947	60.9155449	49.6954005	66.5158211	16.8204206	0	0	0	0	0	3
44	18	0	0.926880815	61.2392296	61.3965378	53.6340398	66.5158211	12.8817813	0	0	0	0	0	3
45	19	0	0.947946288	62.8102223	61.7788787	55.0163936	66.5158211	11.4994275	0	0	0	0	0	3
46	19	0	0.969011761	63.8349941	62.1463204	57.1795468	66.5158211	9.33627424	0	0	0	0	0	3
47	20	0	0.990077234	63.2122961	62.3976849	59.4240448	66.5158211	7.09177625	0	0	0	0	0	3
48	20	0	1.01114271	64.8284265	62.6228675	60.0048694	66.5158211	6.51095168	5.44577294	0	83.6	0	0	3
49	20	0	1.03220818	64.8420991	62.8054992	60.0048694	66.5158211	6.51095168	5.44577294	0	83.6	0	0	3
50	21	0	1.05327365	64.1464852	62.8859684	60.0048694	66.5158211	6.51095168	5.44577294	0	83.6	0	0	3
51	21	0	1.07433913	62.5534587	62.9114504	60.0048694	66.5158211	6.51095168	5.44577294	0	83.6	0	0	3
52	22	0	1.0954046	61.677183	62.9366688	60.0048694	66.5158211	6.51095168	5.44577294	0	83.6	0	0	3
53	22	0	1.11647007	62.6571715	62.9915782	60.0048694	66.5158211	6.51095168	5.44577294	0	83.6	0	0	3
54	22	0	1.13753555	62.5047707	63.0957407	61.2392296	66.5158211	5.27659144	5.44577294	0	100	0	0	3
