Iteration	CPUTime	PhysTime	Travels	Value	AvValue	MinValue	MaxValue	Delta	Criteria	PrevAvRefValue	Progress	CriteriaType	CriteriaVarType	CriteriaPercentage
1	2	0	0.0210654731	3.43204733	3.43204733	3.43204733	3.43204733	0	0	0	0	0	0	3
2	2	0	0.0421309461	2.38838022	2.91021377	2.38838022	3.43204733	0.521833552	0	0	0	0	0	3
3	3	0	0.0631964192	2.3964321	2.73895322	2.38838022	3.43204733	0.693094109	0	0	0	0	0	3
4	3	0	0.0842618922	2.33075459	2.63690356	2.33075459	3.43204733	0.795143766	0	0	0	0	0	3
5	3	0	0.105327365	2.34830892	2.57918463	2.33075459	3.43204733	0.852862694	0	0	0	0	0	3
6	4	0	0.126392838	2.36293351	2.54314278	2.33075459	3.43204733	0.888904549	0	0	0	0	0	3
7	4	0	0.147458311	2.18632787	2.49216922	2.18632787	3.43204733	0.939878106	0	0	0	0	0	3
8	5	0	0.168523784	1.96947831	2.42683286	1.96947831	3.43204733	1.00521447	0	0	0	0	0	3
9	5	0	0.189589258	1.29644543	2.30123425	1.29644543	3.43204733	1.13081307	0	0	0	0	0	3
10	5	0	0.210654731	0.686257789	2.13973661	0.686257789	3.43204733	1.29231072	0	0	0	0	0	3
11	6	0	0.231720204	0.280631284	1.97072703	0.280631284	3.43204733	1.4613203	0	0	0	0	0	3
12	6	0	0.252785677	-0.0879307464	1.79917222	-0.0879307464	3.43204733	1.63287511	0	0	0	0	0	3
13	6	0	0.27385115	-0.385901984	1.63108959	-0.385901984	3.43204733	1.80095774	0	0	0	0	0	3
14	7	0	0.294916623	-0.78641058	1.458411	-0.78641058	3.43204733	1.97363632	0	0	0	0	0	3
15	7	0	0.315982096	-1.05267041	1.29100558	-1.05267041	3.43204733	2.14104175	0	0	0	0	0	3
16	8	0	0.337047569	-0.688434799	1.16729055	-1.05267041	3.43204733	2.26475677	0	0	0	0	0	3
17	8	0	0.358113042	-0.784849188	1.0524588	-1.05267041	3.43204733	2.37958852	0	0	0	0	0	3
18	8	0	0.379178515	-1.22192657	0.92610406	-1.22192657	3.43204733	2.50594327	0	0	0	0	0	3
19	9	0	0.400243988	-0.789214394	0.835824141	-1.22192657	3.43204733	2.59622319	0	0	0	0	0	3
20	9	0	0.421309461	-0.228099458	0.782627961	-1.22192657	3.43204733	2.64941937	0	0	0	0	0	3
21	9	0	0.442374934	-0.691925662	0.712411122	-1.22192657	3.43204733	2.7196362	0	0	0	0	0	3
22	10	0	0.463440407	-1.22158475	0.624502219	-1.22192657	3.43204733	2.80754511	0	0	0	0	0	3
23	10	0	0.48450588	-1.30668873	0.540537395	-1.30668873	3.43204733	2.89150993	0	0	0	0	0	3
24	11	0	0.505571353	-1.31228657	0.463336396	-1.31228657	3.43204733	2.96871093	0	0	0	0	0	3
25	11	0	0.526636827	-1.34661786	0.264225347	-1.34661786	2.3964321	2.64598843	0	0	0	0	0	3
26	11	0	0.5477023	-1.27306604	0.111665086	-1.34661786	2.3964321	2.62728813	0	0	0	0	0	3
27	12	0	0.568767773	-0.286259999	-0.000113751991	-1.34661786	2.36293351	2.63701731	0	0	0	0	0	3
28	12	0	0.589833246	-0.304700328	-0.109924374	-1.34661786	2.36293351	2.68910901	0	0	0	0	0	3
29	12	0	0.610898719	-0.245168486	-0.217985932	-1.34661786	2.36293351	2.76112871	0	0	0	0	0	3
30	13	0	0.631964192	-0.400193082	-0.333116207	-1.34661786	2.18632787	2.82528543	0	0	0	0	0	3
31	13	0	0.653029665	-0.636145421	-0.450719261	-1.34661786	1.96947831	2.87755212	0	0	0	0	0	3
32	14	0	0.674095138	-0.430896487	-0.550734877	-1.34661786	1.29644543	2.64306329	0	0	0	0	0	3
33	14	0	0.695160611	-0.767113652	-0.636716505	-1.34661786	0.686257789	2.03287565	0	0	0	0	0	3
34	14	0	0.716226084	-0.263567261	-0.676292549	-1.34661786	0.280631284	1.62724915	0	0	0	0	0	3
35	15	0	0.737291557	-0.388886149	-0.704189109	-1.34661786	-0.0879307464	1.25868712	0	0	0	0	0	3
36	15	0	0.75835703	-1.24453432	-0.752380924	-1.34661786	-0.228099458	1.1185184	0	0	0	0	0	3
37	16	0	0.779422503	-0.806695337	-0.769913981	-1.34661786	-0.228099458	1.1185184	0	0	0	0	0	3
38	16	0	0.800487976	-0.729787179	-0.767554672	-1.34661786	-0.228099458	1.1185184	0	0	0	0	0	3
39	16	0	0.821553449	-1.43392833	-0.783440419	-1.43392833	-0.228099458	1.20582888	0	0	0	0	0	3
40	17	0	0.842618922	-1.14644719	-0.802524269	-1.43392833	-0.228099458	1.20582888	0	0	0	0	0	3
41	17	0	0.863684396	-0.566091281	-0.793409356	-1.43392833	-0.228099458	1.20582888	0	0	0	0	0	3
42	18	0	0.884749869	-0.241525482	-0.752559311	-1.43392833	-0.228099458	1.20582888	0	0	0	0	0	3
43	18	0	0.905815342	-0.0890661523	-0.723386468	-1.43392833	-0.0890661523	1.34486218	0	0	0	0	0	3
44	18	0	0.926880815	-0.118226081	-0.71880841	-1.43392833	-0.0890661523	1.34486218	0	0	0	0	0	3
45	19	0	0.947946288	-1.11839663	-0.736578034	-1.43392833	-0.0890661523	1.34486218	0	0	0	0	0	3
46	19	0	0.969011761	-1.35079678	-0.741961868	-1.43392833	-0.0890661523	1.34306166	0	0	0	0	0	3
47	20	0	0.990077234	-1.17307935	-0.73639481	-1.43392833	-0.0890661523	1.26586067	0	0	0	0	0	3
48	20	0	1.01114271	-1.19834655	-0.731647309	-1.43392833	-0.0890661523	1.06674962	0.330115784	0	0	0	0	3
49	20	0	1.03220818	-1.15062526	-0.723480951	-1.43392833	-0.0890661523	0.914189355	0.330115784	0	0	0	0	3
50	21	0	1.05327365	-1.37692852	-0.727808554	-1.43392833	-0.0890661523	0.802410517	0.330115784	0	0	0	0	3
51	21	0	1.07433913	-1.10335265	-0.761854081	-1.43392833	-0.0890661523	0.692599895	0.330115784	0	0	0	0	3
52	22	0	1.0954046	-0.846928639	-0.784446928	-1.43392833	-0.0890661523	0.584538337	0.330115784	0	0	0	0	3
53	22	0	1.11647007	-1.31423062	-0.828991183	-1.43392833	-0.0890661523	0.495874977	0.330115784	0	0	0	0	3
54	22	0	1.13753555	-0.841621331	-0.847384027	-1.43392833	-0.0890661523	0.396664766	0.330115784	0	0	0	0	3
